function [colors] = colorpalette()
colors = [219,  58,  72;
           72,  62, 126;
          231, 217,  90;
           60, 156, 211;
          205, 132,  70;
           83, 178, 155;
          183,  91, 148]/256;
end
