function colors = mycolors()
colors =   [1,0,0;
            0,0,0;
            0,1,1;
            1,0,1;
            0,1,0;
            1,0.41,0.16;
            0.72,0.27,1;
            0,0.6,1;
            1,0.16,0.41;
            0.6,0,1];
% colors = [219,58,72];
end